valgrind ./push_swap 1 2 3
valgrind ./push_swap 1 3 2
valgrind ./push_swap 2 1 3
valgrind ./push_swap 2 3 1
valgrind ./push_swap 3 1 2
valgrind ./push_swap 3 2 1
valgrind ./push_swap 5 4 3 2 1
valgrind ./push_swap 1 5 4 3 2
valgrind ./push_swap 2 1 5 4 3 
valgrind ./push_swap 3 2 1 5 4 
valgrind ./push_swap 4 3 2 1 5 
valgrind ./push_swap 0 51 8 3 46 38 73 82 87 85 30 98 90 92 9 61 63 39 96 66 23 91 75 76 4 71 62 10 37 77 29 47 65 64 15 17 79 89 5 6 80 49 32 54 21 84 99 70 24 69 34 83 27 12 58 57 60 1 86 50 78 88 22 26 25 56 41 18 31 36 43 11 55 81 16 95 14 53 52 59 93 67 2 74 97 72 45 94 7 48 20 13 28 19 42 33 44 68 40 35
valgrind ./push_swap 55 52 28 64 50 93 70 15 62 0 30 38 18 13 14 29 67 97 65 80 96 66 40 4 45 83 48 3 1 27 5 12 68 58 44 59 53 72 46 43 21 71 33 54 57 6 23 60 84 26 78 98 87 74 85 8 9 73 75 88 22 95 32 69 91 77 81 34 31 89 47 20 7 42 90 41 11 99 2 79 86 19 94 16 61 76 82 51 35 24 10 49 17 36 63 56 92 25 37 39
valgrind ./push_swap 35 96 41 12 99 36 20 63 75 18 51 72 94 66 8 71 68 9 89 25 2 70 85 11 23 81 97 16 95 56 82 98 47 38 65 80 22 0 50 83 60 74 42 67 44 19 1 53 78 29 69 52 58 57 17 7 90 88 93 91 87 13 21 14 34 39 10 46 84 62 32 77 92 4 27 31 48 86 24 79 55 6 15 37 54 3 26 33 49 5 61 45 43 40 76 28 59 73 64 30
valgrind ./push_swap 74 62 53 72 61 60 41 31 18 66 39 23 82 49 21 70 97 79 40 27 84 22 54 86 77 44 2 78 19 95 63 11 10 94 36 29 17 96 0 38 15 14 47 8 6 48 67 50 1 9 75 76 65 73 71 46 90 37 85 7 91 32 88 87 93 33 56 57 55 68 12 43 13 3 99 24 34 98 81 42 59 80 28 51 30 26 64 4 20 92 83 52 35 89 58 45 69 16 5 25
valgrind ./push_swap 32 90 75 3 51 39 69 98 34 47 9 19 21 22 8 72 20 70 49 97 58 95 43 26 67 30 28 16 61 53 27 94 74 92 65 99 1 77 59 24 52 57 96 81 88 10 93 78 33 40 38 35 14 45 87 2 86 29 41 84 85 12 13 17 56 37 79 54 44 71 50 91 6 83 0 42 89 80 25 68 62 76 82 5 18 36 31 66 15 63 11 48 23 60 73 55 64 4 7 46
valgrind ./push_swap 156 442 216 126 460 17 46 139 232 343 177 335 483 284 267 15 57 120 0 188 300 106 402 222 387 117 270 474 242 268 285 171 249 244 100 112 113 79 7 344 313 47 289 131 129 243 359 265 411 330 306 322 241 480 54 337 8 214 394 83 192 294 95 400 298 287 443 423 96 146 133 52 462 386 94 311 231 364 62 399 453 160 246 398 196 383 454 262 153 218 471 307 111 38 309 408 22 461 302 281 391 485 159 279 248 365 296 470 448 290 61 275 348 456 434 299 418 121 381 379 209 415 229 65 71 447 305 91 66 295 479 487 186 233 115 393 390 467 426 409 116 80 317 207 198 48 338 457 266 498 181 440 351 336 64 254 125 167 172 301 252 326 224 161 217 492 74 68 90 491 118 3 132 257 169 484 166 51 439 18 182 29 19 14 354 416 56 173 469 75 360 293 205 363 340 472 9 274 384 190 407 127 476 175 134 81 312 449 219 292 13 455 124 286 495 370 304 430 437 410 223 45 315 123 308 70 59 88 215 162 89 204 220 170 130 31 368 382 11 404 73 297 72 6 276 419 189 49 147 251 191 282 329 261 272 33 21 240 431 235 280 234 165 230 39 87 481 109 103 154 421 465 389 4 142 258 328 135 185 245 429 319 238 250 203 138 323 378 40 108 58 325 210 27 2 76 341 143 463 163 164 193 288 128 140 256 55 432 446 433 176 201 212 327 349 473 26 104 428 277 324 206 417 372 149 20 316 333 436 486 255 44 406 464 225 97 424 228 331 358 110 23 342 5 28 468 199 24 145 414 347 352 477 310 385 450 36 99 459 283 413 1 84 482 478 32 392 179 151 420 397 361 148 273 30 187 226 202 144 82 10 157 93 350 375 488 183 114 168 371 291 180 63 376 37 247 367 50 137 334 174 236 141 53 422 396 34 494 260 102 43 67 155 445 405 16 197 435 357 395 85 178 221 92 475 373 42 489 259 211 227 369 263 12 401 271 78 362 374 493 444 490 208 35 253 184 86 213 152 425 451 366 388 496 339 345 122 195 25 101 353 452 158 264 98 194 69 332 136 403 466 441 314 60 41 377 438 499 105 321 239 119 346 278 303 150 380 320 412 107 77 427 497 458 318 356 269 355 200 237
valgrind ./push_swap 359 360 56 250 293 438 310 126 106 5 135 201 217 13 173 252 428 469 218 437 93 1 255 178 463 498 382 221 174 365 103 125 104 52 331 87 140 432 280 260 142 259 425 92 388 371 385 31 76 148 447 402 468 286 356 384 200 228 347 89 495 40 325 165 242 327 29 2 284 265 352 209 282 157 223 193 199 358 459 154 271 441 83 114 105 191 342 72 436 374 216 302 369 8 245 464 159 167 364 497 410 45 295 81 462 446 291 35 59 256 152 380 235 311 486 205 46 224 275 36 269 90 73 307 262 405 404 296 164 272 261 50 17 153 137 481 227 122 80 355 155 177 406 354 292 313 285 119 16 483 100 451 491 362 12 336 281 180 183 108 4 339 452 37 156 111 62 298 411 461 129 381 320 496 107 176 65 333 190 14 212 420 413 110 322 395 239 323 419 215 128 66 423 240 377 211 361 79 134 326 42 482 398 147 372 198 440 471 130 63 299 458 257 249 220 273 248 368 11 161 294 166 113 467 401 478 403 367 390 230 345 49 474 389 340 297 289 117 287 304 448 484 182 329 210 10 213 185 58 330 187 71 202 489 324 0 151 490 430 475 270 312 38 118 6 392 30 162 417 397 75 116 442 144 338 15 443 27 231 34 379 429 241 233 332 363 316 456 95 387 146 133 494 44 102 357 346 414 396 341 189 378 86 290 236 314 121 74 41 416 399 424 172 337 277 487 263 393 207 43 64 88 229 493 109 418 25 168 160 3 19 214 82 472 175 455 409 97 120 78 141 208 306 138 48 18 412 445 479 465 366 194 300 131 431 266 476 132 267 170 274 61 415 26 394 28 169 439 179 32 422 222 247 226 53 234 492 278 51 375 450 244 391 149 219 112 115 258 470 499 283 335 99 84 195 348 21 408 315 181 127 251 243 24 376 288 301 9 351 454 22 206 238 473 421 39 386 77 309 136 33 328 254 47 57 303 192 143 308 186 279 70 264 150 196 123 237 232 350 317 204 91 349 435 101 466 427 268 434 344 477 460 433 23 171 426 488 343 253 318 98 485 321 400 383 96 124 7 449 444 54 69 94 373 453 225 145 184 20 305 457 60 55 334 276 158 139 319 203 188 85 353 67 68 163 370 480 246 407 197
valgrind ./push_swap 392 255 80 308 177 329 96 26 434 112 228 330 138 341 415 370 44 233 183 231 199 146 178 161 32 190 4 131 386 396 312 54 77 222 371 125 279 458 19 489 477 408 441 198 294 37 440 148 442 287 397 158 465 235 254 357 169 473 247 114 305 412 425 133 110 388 259 307 104 142 435 59 180 67 309 118 36 413 10 238 381 316 70 126 45 176 6 43 387 91 488 111 83 225 499 491 353 102 52 7 347 264 296 0 196 419 484 124 163 311 299 171 418 27 58 21 277 423 272 20 181 376 289 379 234 236 373 237 275 11 426 445 12 345 88 22 368 151 215 137 241 482 243 75 162 89 107 448 283 493 92 128 474 286 321 324 29 72 355 290 456 455 431 436 443 452 143 428 48 432 157 223 232 323 429 85 352 478 145 42 101 60 359 24 485 186 284 390 438 356 288 402 276 304 159 105 87 339 106 84 117 103 38 53 319 15 98 121 457 378 213 78 367 175 391 343 39 214 470 471 13 172 262 266 278 267 168 211 331 297 119 350 487 490 479 165 47 280 189 147 369 122 385 86 76 194 69 327 251 16 94 446 90 252 403 49 155 406 269 129 246 317 422 219 394 93 57 207 23 498 421 315 1 115 156 268 229 205 73 55 208 202 430 361 382 212 342 258 256 451 218 61 99 362 410 79 334 398 483 333 476 150 320 40 463 384 460 2 409 271 8 170 245 62 303 497 217 160 179 336 17 450 193 120 173 380 242 337 132 25 273 244 51 74 185 375 108 427 230 400 377 191 197 216 407 399 453 492 411 46 224 293 240 326 5 14 210 365 82 140 349 81 292 481 260 9 439 239 351 250 414 136 253 466 35 459 363 486 166 393 433 358 417 167 405 346 221 285 332 301 261 318 335 66 192 153 404 65 200 127 467 152 383 461 257 31 462 63 100 313 130 206 203 270 135 314 187 364 220 201 395 469 468 416 310 188 424 274 144 71 28 444 475 95 348 263 3 302 322 123 226 306 97 204 41 437 209 495 174 116 282 338 360 113 401 265 354 464 300 325 372 295 56 50 141 420 18 389 374 291 248 195 164 340 454 472 184 182 449 149 227 154 34 494 30 298 64 68 328 139 366 281 447 33 496 249 344 109 134 480
valgrind ./push_swap 447 231 489 8 123 71 212 400 31 220 69 258 66 296 462 35 193 403 362 117 267 221 135 101 466 418 184 40 250 356 79 74 89 169 159 201 416 289 22 335 82 49 392 407 413 264 425 229 83 342 10 334 33 401 103 191 444 215 372 293 481 406 273 310 262 110 373 210 325 5 175 63 137 384 377 95 90 365 54 185 317 272 291 461 346 281 205 43 130 453 211 409 486 222 80 138 443 158 122 198 457 32 173 286 319 227 383 455 343 340 339 127 12 408 133 238 249 277 315 439 96 25 285 204 295 304 255 136 307 19 165 465 200 252 58 145 27 380 355 316 366 87 394 478 363 368 234 237 65 263 382 75 430 208 68 438 107 449 471 432 67 196 484 370 121 98 493 251 261 13 470 147 428 47 440 168 358 236 487 399 113 371 128 469 279 395 329 474 458 61 324 20 153 347 126 379 396 284 1 102 477 206 454 476 26 283 345 163 427 433 125 160 270 246 415 412 253 139 417 321 109 405 53 217 141 242 247 280 369 219 59 437 297 326 344 15 318 306 441 152 41 142 30 424 410 499 288 182 269 21 44 303 390 411 202 112 434 70 81 442 146 16 349 480 429 364 177 497 245 398 176 354 491 23 76 78 268 97 183 216 308 302 492 232 207 72 348 404 225 134 174 298 327 464 132 436 203 328 414 311 24 479 7 420 226 64 38 167 485 451 482 402 188 496 149 419 421 187 42 361 116 0 276 144 52 445 86 50 164 292 282 388 37 161 9 17 190 312 367 119 389 223 490 88 162 166 494 460 475 51 378 468 199 244 57 84 397 463 248 332 28 218 73 488 452 483 331 301 456 254 240 14 45 111 391 93 195 271 148 243 114 337 305 435 422 60 239 431 495 467 154 99 426 351 473 209 189 172 108 150 11 385 260 180 233 39 213 459 29 336 290 228 313 309 446 18 181 155 393 157 124 34 4 105 341 156 300 359 143 353 448 278 55 62 194 498 186 357 197 241 350 140 230 259 120 333 294 257 106 299 85 374 171 266 360 256 423 450 376 323 118 92 115 100 265 381 179 178 387 275 224 48 91 2 314 386 330 170 129 46 287 104 235 322 56 338 320 36 192 214 375 3 472 94 151 352 77 274 131 6
valgrind ./push_swap 489 100 242 305 235 182 420 202 160 295 255 411 32 117 203 486 145 495 99 369 342 367 278 122 298 140 57 341 360 425 325 293 465 171 421 37 195 155 63 185 245 355 231 227 380 268 90 270 220 21 27 157 239 472 65 262 467 487 460 56 134 311 322 80 30 317 216 284 433 401 340 104 240 407 382 64 347 453 267 461 378 417 151 349 279 120 315 153 54 275 138 490 193 83 316 454 86 277 440 476 22 44 251 494 69 353 174 75 250 259 233 238 258 11 306 444 197 228 38 287 313 82 112 3 309 261 87 187 92 39 249 58 314 365 186 498 389 348 405 6 29 121 85 393 194 50 200 214 296 376 345 19 184 129 207 381 448 67 165 436 98 254 424 375 137 48 26 468 206 469 70 391 7 23 143 59 105 125 119 302 141 383 384 88 299 493 1 135 96 328 224 395 246 108 286 271 111 426 320 106 232 459 364 43 149 361 430 191 226 2 72 321 456 49 431 223 473 466 285 78 370 346 169 133 480 101 264 339 388 310 446 464 170 471 172 288 452 483 115 482 374 107 344 10 434 9 474 371 118 178 336 5 222 343 428 62 204 42 289 221 366 217 303 24 215 449 51 281 399 363 152 463 18 167 66 412 404 60 304 142 168 139 324 46 183 241 458 132 173 455 457 331 451 41 225 212 190 16 127 447 188 213 400 379 300 491 280 392 260 402 422 205 71 409 334 462 136 308 318 477 329 356 276 351 337 408 252 13 40 61 396 128 196 291 439 154 161 398 283 53 475 488 17 126 156 435 385 102 442 131 319 175 162 415 499 485 229 257 352 150 333 437 116 68 265 362 479 28 350 219 164 354 114 292 52 326 208 497 413 144 113 14 256 406 301 419 338 263 253 427 81 123 484 307 330 89 15 201 414 269 416 272 45 230 243 130 198 236 179 34 377 394 74 368 266 0 432 94 327 31 211 496 199 147 423 492 294 312 372 181 103 237 79 209 73 8 443 358 84 20 282 192 387 77 97 445 247 297 403 373 481 418 429 390 180 148 290 332 234 95 273 274 124 357 248 176 47 110 441 163 4 159 36 244 397 91 25 189 158 35 146 76 478 335 323 386 177 410 33 359 218 470 438 93 55 450 109 12 166 210
valgrind ./push_swap 141 113 188 395 409 29 41 50 466 405 318 401 48 351 276 155 167 258 85 74 431 428 80 262 148 36 365 283 8 224 173 127 203 11 247 255 436 174 376 480 125 176 257 324 349 486 88 153 370 330 374 457 495 75 65 142 329 289 288 240 312 138 441 449 246 46 432 109 225 248 390 415 149 198 140 123 250 394 362 460 152 455 60 154 345 354 222 333 321 57 311 144 468 487 430 391 170 5 267 352 384 78 244 93 37 185 92 293 272 489 393 357 217 285 388 122 83 434 273 477 342 56 269 411 139 204 126 175 322 34 315 253 231 96 385 488 413 377 308 119 206 472 254 129 443 494 115 483 45 382 290 22 463 358 467 239 304 147 179 367 64 320 445 325 300 439 493 213 392 102 238 359 440 404 339 157 67 47 72 475 193 63 184 62 471 230 479 284 481 82 429 199 491 221 87 158 235 408 44 419 299 23 465 161 15 424 9 219 387 496 38 301 215 416 292 232 200 259 334 30 2 130 14 406 375 94 132 363 214 458 355 364 310 464 303 381 237 497 336 462 0 99 39 306 448 17 55 220 86 499 165 112 420 236 444 169 19 369 346 186 13 228 423 107 438 12 360 90 446 164 28 350 252 251 171 407 249 211 229 207 396 81 469 110 95 286 347 233 309 371 136 297 43 77 120 51 317 111 265 295 366 202 389 18 383 291 331 226 343 189 108 182 146 414 400 234 380 263 16 323 398 223 452 372 70 422 271 31 159 26 227 209 307 145 327 296 71 89 425 105 264 53 98 373 281 473 101 6 417 162 128 261 163 91 476 135 212 59 368 447 270 340 121 280 294 208 313 282 361 166 490 27 397 328 498 326 274 410 10 298 180 482 97 386 435 66 156 190 35 4 277 492 117 316 79 218 201 216 187 461 137 412 40 3 103 194 305 378 433 205 268 134 454 474 421 20 245 427 25 278 49 116 32 348 61 160 42 172 178 338 21 418 58 168 344 442 287 191 54 356 243 69 402 84 1 100 196 68 302 24 470 353 437 143 151 177 485 337 106 114 399 279 453 379 52 104 133 192 484 451 335 314 118 181 459 260 241 150 266 242 73 478 403 341 256 124 197 319 456 7 210 450 426 33 76 183 195 131 332 275